# This file lists the Wolf epitope sites in H3 numbering.
44
45
46
47
48
50
51
53
54
57
59
62
63
67
75
78
80
81
82
83
86
87
88
91
92
94
96
102
103
109
117
121
122
124
126
128
129
130
131
132
133
135
137
138
140
142
143
144
145
146
150
152
155
156
157
158
159
163
165
167
168
170
171
172
173
174
175
176
177
179
182
186
187
188
189
190
192
193
194
196
197
198
201
203
207
208
209
212
213
214
215
216
217
218
219
226
227
228
229
230
238
240
242
244
246
247
248
260
261
262
265
273
275
276
278
279
280
294
297
299
300
304
305
307
308
309
310
311
312